[gd_scene load_steps=9 format=2]

[ext_resource path="res://scenes/controller_grab.tscn" type="PackedScene" id=1]
[ext_resource path="res://scenes/delete_controller_right.tscn" type="PackedScene" id=2]
[ext_resource path="res://scripts/controller_colors.gd" type="Script" id=3]
[ext_resource path="res://scenes/default_controller_right.tscn" type="PackedScene" id=4]
[ext_resource path="res://scripts/controller_default.gd" type="Script" id=5]
[ext_resource path="res://meshes/cube.tres" type="CubeMesh" id=6]
[ext_resource path="res://scenes/recolor_controller_right.tscn" type="PackedScene" id=7]
[ext_resource path="res://materials/cube_default_mat.tres" type="Material" id=19]

[node name="KSControllerRight" type="Spatial"]

[node name="ControllerTypes" type="Spatial" parent="."]

[node name="DefaultControllerRight" parent="ControllerTypes" instance=ExtResource( 4 )]
transform = Transform( 1, 0, 0, 0, 0.82086, 0.571129, 0, -0.571129, 0.82086, 0.019, -0.029, 0.03 )
script = ExtResource( 5 )

[node name="RecolorControllerRight" parent="ControllerTypes" instance=ExtResource( 7 )]
transform = Transform( 1, 0, 0, 0, 0.820894, 0.571153, 0, -0.571153, 0.820894, 0.019, -0.029, 0.03 )
visible = false

[node name="DeleteControllerRight" parent="ControllerTypes" instance=ExtResource( 2 )]
transform = Transform( 1, 0, 0, 0, 0.820894, 0.571153, 0, -0.571153, 0.820894, 0.019, -0.029, 0.03 )
visible = false

[node name="ControllerGrab" parent="." instance=ExtResource( 1 )]
transform = Transform( 1, 0, 0, 0, 1, 0, 0, 0, 1, 0.01, -0.0040227, -0.0638786 )

[node name="ControllerColors" type="Spatial" parent="."]
script = ExtResource( 3 )

[node name="MeshInstance" type="MeshInstance" parent="ControllerColors"]
transform = Transform( 0.17, 0, 0, 0, 0.168863, -0.0196277, 0, 0.0196277, 0.168863, 0.00958904, 0.00230405, 0.0435418 )
mesh = ExtResource( 6 )
material/0 = ExtResource( 19 )
