[gd_scene load_steps=7 format=2]

[ext_resource path="res://scenes/default_controller_left.tscn" type="PackedScene" id=1]
[ext_resource path="res://scenes/controller_grab.tscn" type="PackedScene" id=2]
[ext_resource path="res://scripts/controller_delete.gd" type="Script" id=3]
[ext_resource path="res://scripts/controller_recolor.gd" type="Script" id=4]
[ext_resource path="res://scenes/delete_controller_left.tscn" type="PackedScene" id=6]
[ext_resource path="res://scenes/recolor_controller_left.tscn" type="PackedScene" id=7]

[node name="KSControllerLeft" type="Spatial"]

[node name="ControllerTypes" type="Spatial" parent="."]

[node name="DefaultControllerLeft" parent="ControllerTypes" instance=ExtResource( 1 )]
transform = Transform( 1, 0, 0, 0, 0.82086, 0.571129, 0, -0.571129, 0.82086, -0.019, -0.029, 0.03 )
controller_side = 1

[node name="RecolorControllerLeft" parent="ControllerTypes" instance=ExtResource( 7 )]
transform = Transform( 1, 0, 0, 0, 0.82086, 0.571129, 0, -0.571129, 0.82086, -0.019, -0.029, 0.03 )
visible = false
script = ExtResource( 4 )
controller_side = 1

[node name="DeleteControllerLeft" parent="ControllerTypes" instance=ExtResource( 6 )]
transform = Transform( 1, 0, 0, 0, 0.82086, 0.571129, 0, -0.571129, 0.82086, -0.019, -0.029, 0.03 )
visible = false
script = ExtResource( 3 )
controller_side = 1

[node name="ControllerGrab" parent="." instance=ExtResource( 2 )]
transform = Transform( 1, 0, 0, 0, 1, 0, 0, 0, 1, -0.01, -0.004, -0.064 )
controller_side = 1
