{"all_block_areas":[{"color_name":"violet", "global_transform_serialized":[0.590951, -0.178719, 0.786661, 0.36907, 0.927009, -0.066647, -0.717331, 0.329718, 0.613777, 0.059257, 0.950606, 0.052792]}, {"color_name":"violet", "global_transform_serialized":[0.590951, -0.178719, 0.786661, 0.36907, 0.927009, -0.066647, -0.717331, 0.329718, 0.613777, 0.095586, 1.044474, 0.046244]}, {"color_name":"violet", "global_transform_serialized":[0.590951, -0.178719, 0.786661, 0.36907, 0.927009, -0.066647, -0.717331, 0.329718, 0.613777, 0.132493, 1.137175, 0.039579]}], "button_pic_path": "res://images/gallery_images/button_pic_tree.jpg", "app_version":3}